{"nbformat":4,"nbformat_minor":0,"metadata":{"colab":{"provenance":[{"file_id":"1s7rQ3TVXIPhwOz49SReDEfYQZL6Q9xSb","timestamp":1777126859041}]},"kernelspec":{"name":"python3","display_name":"Python 3"},"language_info":{"name":"python"}},"cells":[{"cell_type":"code","execution_count":null,"metadata":{"id":"-Rlmmm8etVlr"},"outputs":[],"source":["sentences = [\n","  \"India is a country known for its rich culture and diversity.\",\n","  \"The capital of India is New Delhi.\",\n","  \"India is famous for festivals, food, and historical places.\",\n","\n","  \"Cricket is one of the most popular games in India.\",\n","  \"Playing games helps improve teamwork and concentration.\",\n","\n","  \"Technology makes our daily life faster and more connected. \",\n","  \"AI subject makes our life smarter.\"\n","]"]},{"cell_type":"code","source":["#IMPORTING BASIC LIBRARIES\n","\n","import pandas as pd\n","import numpy as np\n","from sklearn.feature_extraction.text import CountVectorizer #TF-BoW\n","from sklearn.feature_extraction.text import TfidfVectorizer #TF-BoW\n","from sklearn.metrics.pairwise import cosine_similarity"],"metadata":{"id":"RfBjZKYLv_TT"},"execution_count":null,"outputs":[]},{"cell_type":"code","source":["#TF-BoW Embedding\n","tf_vectorizer=CountVectorizer()\n","tf_emb=tf_vectorizer.fit_transform(sentences)"],"metadata":{"id":"54OY6wd2xY4p"},"execution_count":null,"outputs":[]},{"cell_type":"code","source":["#similarity matrix using cosine_similarity\n","tf_sim=cosine_similarity(tf_emb)"],"metadata":{"id":"5KhpNn17yZyO"},"execution_count":null,"outputs":[]},{"cell_type":"code","source":["tf_sim"],"metadata":{"colab":{"base_uri":"https://localhost:8080/"},"id":"j6l5RT49ycEU","executionInfo":{"status":"ok","timestamp":1772089919927,"user_tz":-330,"elapsed":29,"user":{"displayName":"YASH VEKARIYA","userId":"01119615244960787957"}},"outputId":"b9db62c8-2896-4490-e8c9-749a8768a61c"},"execution_count":null,"outputs":[{"output_type":"execute_result","data":{"text/plain":["array([[1.        , 0.23904572, 0.42163702, 0.2       , 0.11952286,\n","        0.10540926, 0.        ],\n","       [0.23904572, 1.        , 0.25197632, 0.47809144, 0.        ,\n","        0.        , 0.        ],\n","       [0.42163702, 0.25197632, 1.        , 0.21081851, 0.12598816,\n","        0.11111111, 0.        ],\n","       [0.2       , 0.47809144, 0.21081851, 1.        , 0.11952286,\n","        0.        , 0.        ],\n","       [0.11952286, 0.        , 0.12598816, 0.11952286, 1.        ,\n","        0.12598816, 0.        ],\n","       [0.10540926, 0.        , 0.11111111, 0.        , 0.12598816,\n","        1.        , 0.40824829],\n","       [0.        , 0.        , 0.        , 0.        , 0.        ,\n","        0.40824829, 1.        ]])"]},"metadata":{},"execution_count":9}]},{"cell_type":"code","source":["#TF-IDF Embedding\n","tfidf_vectorizer=TfidfVectorizer()\n","tfidf_emb=tfidf_vectorizer.fit_transform(sentences)"],"metadata":{"id":"VbLE9se3ykfU"},"execution_count":null,"outputs":[]},{"cell_type":"code","source":["tfidf_sim=cosine_similarity(tfidf_emb)"],"metadata":{"id":"AmnKrDPxzNwS"},"execution_count":null,"outputs":[]},{"cell_type":"code","source":["tfidf_sim"],"metadata":{"colab":{"base_uri":"https://localhost:8080/"},"id":"g65aDbmlzS33","executionInfo":{"status":"ok","timestamp":1772090123488,"user_tz":-330,"elapsed":24,"user":{"displayName":"YASH VEKARIYA","userId":"01119615244960787957"}},"outputId":"fd9b25d8-437d-45f0-d65e-1f63bc74f056"},"execution_count":null,"outputs":[{"output_type":"execute_result","data":{"text/plain":["array([[1.        , 0.11968812, 0.24998378, 0.09696955, 0.05506001,\n","        0.04970482, 0.        ],\n","       [0.11968812, 1.        , 0.12815389, 0.33704247, 0.        ,\n","        0.        , 0.        ],\n","       [0.24998378, 0.12815389, 1.        , 0.10382839, 0.05895451,\n","        0.05322054, 0.        ],\n","       [0.09696955, 0.33704247, 0.10382839, 1.        , 0.09998439,\n","        0.        , 0.        ],\n","       [0.05506001, 0.        , 0.05895451, 0.09998439, 1.        ,\n","        0.05645054, 0.        ],\n","       [0.04970482, 0.        , 0.05322054, 0.        , 0.05645054,\n","        1.        , 0.33651711],\n","       [0.        , 0.        , 0.        , 0.        , 0.        ,\n","        0.33651711, 1.        ]])"]},"metadata":{},"execution_count":12}]},{"cell_type":"code","source":["#Recommend the most matching/ similar sentence\n","def doc_sim(tfidf_sim,sentences):\n","  for i in range(len(sentences)):\n","    sim=tfidf_sim[i].copy()\n","    sim[i]=-1\n","    top_index=np.argmax(sim)\n","    print(sentences[i],\"->\",sentences[top_index])"],"metadata":{"id":"hr1xts3vzWK4"},"execution_count":null,"outputs":[]},{"cell_type":"code","source":["doc_sim(tfidf_sim,sentences)"],"metadata":{"colab":{"base_uri":"https://localhost:8080/"},"id":"-OvI2Mkx2akw","executionInfo":{"status":"ok","timestamp":1772090958273,"user_tz":-330,"elapsed":42,"user":{"displayName":"YASH VEKARIYA","userId":"01119615244960787957"}},"outputId":"3d212eef-edc1-4319-805d-5e4939602669"},"execution_count":null,"outputs":[{"output_type":"stream","name":"stdout","text":["India is a country known for its rich culture and diversity. -> India is famous for festivals, food, and historical places.\n","The capital of India is New Delhi. -> Cricket is one of the most popular games in India.\n","India is famous for festivals, food, and historical places. -> India is a country known for its rich culture and diversity.\n","Cricket is one of the most popular games in India. -> The capital of India is New Delhi.\n","Playing games helps improve teamwork and concentration. -> Cricket is one of the most popular games in India.\n","Technology makes our daily life faster and more connected.  -> AI subject makes our life smarter.\n","AI subject makes our life smarter. -> Technology makes our daily life faster and more connected. \n"]}]},{"cell_type":"code","source":[],"metadata":{"id":"m6X57ocF2h8q"},"execution_count":null,"outputs":[]}]}